[Model]
size = 10
init = 0
absorbing = 2

[Transition]
0.0	0.03497384418902251	0.0	0.2582790377320097	0.0	0.18318533325084124	0.0	0.0	0.15992825451387152	0.36363353031425494	
0.382806166275996	0.0	0.13577433005447204	v1	0.24343089606893317	v0	0.0	0.0	0.0	0.0	
0.0	0.19041491876642921	0.06201701266093144	0.2142939433081227	0.0	0.22463023927308626	0.0	0.0	0.0437230169782694	0.26492086901316086	
0.0	0.14632453159684908	0.35039337179586555	0.0	0.0	0.0	0.16404356110431145	0.339238535502974	0.0	0.0	
0.5316172712120868	0.0021832443931480024	0.0	0.038956070666260646	0.0	0.0	0.0	0.2623310154613907	0.0	0.1649123982671139	
0.0	0.0	0.2958387848164123	0.0	0.0	0.0	0.0	0.0	0.0	0.7041612151835878	
v3	0.0	0.0	0.0	0.3252110880307488	0.0	v2	0.0	0.0	0.0	
0.0	0.0	0.4238533572667789	0.0	0.0	0.0	0.0	0.0	0.3893553816802068	0.18679126105301427	
0.0	0.0	0.0	0.0	0.0	0.0	0.0	0.0	1.0	0.0	
0.0	0.0	0.0	0.0	0.0	0.0	0.0	0.0	0.0	1.0

[AP]
p1 = 2 3 4
p2 = 4 5 6
